1.4 0 2.4
1.40313 0 2.49844
0.994 -0.994 2.4
0.994 -0.994 2.4
1.40313 0 2.49844
0.996219 -0.996219 2.49844
0.994 -0.994 2.4
0.996219 -0.996219 2.49844
-1.19209e-07 -1.4 2.4
-1.19209e-07 -1.4 2.4
0.996219 -0.996219 2.49844
0 -1.40313 2.49844
-1.19209e-07 -1.4 2.4
0 -1.40313 2.49844
-1.246 -0.882 2.4
-1.246 -0.882 2.4
0 -1.40313 2.49844
-1.24878 -0.883969 2.49844
-1.246 -0.882 2.4
-1.24878 -0.883969 2.49844
-2.408 0.895999 2.4
-2.408 0.895999 2.4
-1.24878 -0.883969 2.49844
-2.41337 0.898001 2.49844
-2.408 0.895999 2.4
-2.41337 0.898001 2.49844
-3.15 4.27 2.4
-3.15 4.27 2.4
-2.41337 0.898001 2.49844
-3.15703 4.27953 2.49844
-3.15 4.27 2.4
-3.15703 4.27953 2.49844
-3.13601 9.576 2.4
-3.13601 9.576 2.4
-3.15703 4.27953 2.49844
-3.143 9.59738 2.49844
1.40313 0 2.49844
1.5 0 2.4
0.996219 -0.996219 2.49844
0.996219 -0.996219 2.49844
1.5 0 2.4
1.065 -1.065 2.4
0.996219 -0.996219 2.49844
1.065 -1.065 2.4
0 -1.40313 2.49844
0 -1.40313 2.49844
1.065 -1.065 2.4
0 -1.5 2.4
0 -1.40313 2.49844
0 -1.5 2.4
-1.24878 -0.883969 2.49844
-1.24878 -0.883969 2.49844
0 -1.5 2.4
-1.335 -0.945 2.4
-1.24878 -0.883969 2.49844
-1.335 -0.945 2.4
-2.41337 0.898001 2.49844
-2.41337 0.898001 2.49844
-1.335 -0.945 2.4
-2.58 0.96 2.4
-2.41337 0.898001 2.49844
-2.58 0.96 2.4
-3.15703 4.27953 2.49844
-3.15703 4.27953 2.49844
-2.58 0.96 2.4
-3.375 4.575 2.4
0 -1.4 2.4
0 -1.40313 2.49844
-0.994 -0.994 2.4
-0.994 -0.994 2.4
0 -1.40313 2.49844
-0.996219 -0.996219 2.49844
-0.994 -0.994 2.4
-0.996219 -0.996219 2.49844
-1.4 1.19209e-07 2.4
-1.4 1.19209e-07 2.4
-0.996219 -0.996219 2.49844
-1.40313 0 2.49844
-1.4 1.19209e-07 2.4
-1.40313 0 2.49844
-0.882 1.246 2.4
-0.882 1.246 2.4
-1.40313 0 2.49844
-0.883969 1.24878 2.49844
-0.882 1.246 2.4
-0.883969 1.24878 2.49844
0.895999 2.408 2.4
0.895999 2.408 2.4
-0.883969 1.24878 2.49844
0.898001 2.41337 2.49844
0.895999 2.408 2.4
0.898001 2.41337 2.49844
4.27 3.15 2.4
4.27 3.15 2.4
0.898001 2.41337 2.49844
4.27953 3.15703 2.49844
4.27 3.15 2.4
4.27953 3.15703 2.49844
9.576 3.13601 2.4
9.576 3.13601 2.4
4.27953 3.15703 2.49844
9.59738 3.143 2.49844
0 -1.40313 2.49844
0 -1.5 2.4
-0.996219 -0.996219 2.49844
-0.996219 -0.996219 2.49844
0 -1.5 2.4
-1.065 -1.065 2.4
-0.996219 -0.996219 2.49844
-1.065 -1.065 2.4
-1.40313 0 2.49844
-1.40313 0 2.49844
-1.065 -1.065 2.4
-1.5 0 2.4
-1.40313 0 2.49844
-1.5 0 2.4
-0.883969 1.24878 2.49844
-0.883969 1.24878 2.49844
-1.5 0 2.4
-0.945 1.335 2.4
-0.883969 1.24878 2.49844
-0.945 1.335 2.4
0.898001 2.41337 2.49844
0.898001 2.41337 2.49844
-0.945 1.335 2.4
0.96 2.58 2.4
0.898001 2.41337 2.49844
0.96 2.58 2.4
4.27953 3.15703 2.49844
4.27953 3.15703 2.49844
0.96 2.58 2.4
4.575 3.375 2.4
-1.4 0 2.4
-1.40313 0 2.49844
-0.994 0.994 2.4
-0.994 0.994 2.4
-1.40313 0 2.49844
-0.996219 0.996219 2.49844
-0.994 0.994 2.4
-0.996219 0.996219 2.49844
1.19209e-07 1.4 2.4
1.19209e-07 1.4 2.4
-0.996219 0.996219 2.49844
0 1.40313 2.49844
1.19209e-07 1.4 2.4
0 1.40313 2.49844
1.246 0.882 2.4
1.246 0.882 2.4
0 1.40313 2.49844
1.24878 0.883969 2.49844
1.246 0.882 2.4
1.24878 0.883969 2.49844
2.408 -0.895999 2.4
2.408 -0.895999 2.4
1.24878 0.883969 2.49844
2.41337 -0.898001 2.49844
2.408 -0.895999 2.4
2.41337 -0.898001 2.49844
3.15 -4.27 2.4
3.15 -4.27 2.4
2.41337 -0.898001 2.49844
3.15703 -4.27953 2.49844
3.15 -4.27 2.4
3.15703 -4.27953 2.49844
3.13601 -9.576 2.4
3.13601 -9.576 2.4
3.15703 -4.27953 2.49844
3.143 -9.59738 2.49844
-1.40313 0 2.49844
-1.5 0 2.4
-0.996219 0.996219 2.49844
-0.996219 0.996219 2.49844
-1.5 0 2.4
-1.065 1.065 2.4
-0.996219 0.996219 2.49844
-1.065 1.065 2.4
0 1.40313 2.49844
0 1.40313 2.49844
-1.065 1.065 2.4
0 1.5 2.4
0 1.40313 2.49844
0 1.5 2.4
1.24878 0.883969 2.49844
1.24878 0.883969 2.49844
0 1.5 2.4
1.335 0.945 2.4
1.24878 0.883969 2.49844
1.335 0.945 2.4
2.41337 -0.898001 2.49844
2.41337 -0.898001 2.49844
1.335 0.945 2.4
2.58 -0.96 2.4
2.41337 -0.898001 2.49844
2.58 -0.96 2.4
3.15703 -4.27953 2.49844
3.15703 -4.27953 2.49844
2.58 -0.96 2.4
3.375 -4.575 2.4
0 1.4 2.4
0 1.40313 2.49844
0.994 0.994 2.4
0.994 0.994 2.4
0 1.40313 2.49844
0.996219 0.996219 2.49844
0.994 0.994 2.4
0.996219 0.996219 2.49844
1.4 -1.19209e-07 2.4
1.4 -1.19209e-07 2.4
0.996219 0.996219 2.49844
1.40313 0 2.49844
1.4 -1.19209e-07 2.4
1.40313 0 2.49844
0.882 -1.246 2.4
0.882 -1.246 2.4
1.40313 0 2.49844
0.883969 -1.24878 2.49844
0.882 -1.246 2.4
0.883969 -1.24878 2.49844
-0.895999 -2.408 2.4
-0.895999 -2.408 2.4
0.883969 -1.24878 2.49844
-0.898001 -2.41337 2.49844
-0.895999 -2.408 2.4
-0.898001 -2.41337 2.49844
-4.27 -3.15 2.4
-4.27 -3.15 2.4
-0.898001 -2.41337 2.49844
-4.27953 -3.15703 2.49844
-4.27 -3.15 2.4
-4.27953 -3.15703 2.49844
-9.576 -3.13601 2.4
-9.576 -3.13601 2.4
-4.27953 -3.15703 2.49844
-9.59738 -3.143 2.49844
0 1.40313 2.49844
0 1.5 2.4
0.996219 0.996219 2.49844
0.996219 0.996219 2.49844
0 1.5 2.4
1.065 1.065 2.4
0.996219 0.996219 2.49844
1.065 1.065 2.4
1.40313 0 2.49844
1.40313 0 2.49844
1.065 1.065 2.4
1.5 0 2.4
1.40313 0 2.49844
1.5 0 2.4
0.883969 -1.24878 2.49844
0.883969 -1.24878 2.49844
1.5 0 2.4
0.945 -1.335 2.4
0.883969 -1.24878 2.49844
0.945 -1.335 2.4
-0.898001 -2.41337 2.49844
-0.898001 -2.41337 2.49844
0.945 -1.335 2.4
-0.96 -2.58 2.4
-0.898001 -2.41337 2.49844
-0.96 -2.58 2.4
-4.27953 -3.15703 2.49844
-4.27953 -3.15703 2.49844
-0.96 -2.58 2.4
-4.575 -3.375 2.4
1.5 0 2.4
1.84375 0 1.62187
1.065 -1.065 2.4
1.065 -1.065 2.4
1.84375 0 1.62187
1.30906 -1.30906 1.62187
1.065 -1.065 2.4
1.30906 -1.30906 1.62187
0 -1.5 2.4
0 -1.5 2.4
1.30906 -1.30906 1.62187
0 -1.84375 1.62188
0 -1.5 2.4
0 -1.84375 1.62188
-1.335 -0.945 2.4
-1.335 -0.945 2.4
0 -1.84375 1.62188
-1.64094 -1.16156 1.62188
-1.335 -0.945 2.4
-1.64094 -1.16156 1.62188
-2.58 0.96 2.4
-2.58 0.96 2.4
-1.64094 -1.16156 1.62188
-3.17125 1.18 1.62188
-2.58 0.96 2.4
-3.17125 1.18 1.62188
-3.375 4.575 2.4
-3.375 4.575 2.4
-3.17125 1.18 1.62188
-4.14844 5.62344 1.62188
-3.375 4.575 2.4
-4.14844 5.62344 1.62188
-3.36 10.26 2.4
-3.36 10.26 2.4
-4.14844 5.62344 1.62188
-4.13 12.6112 1.62188
1.84375 0 1.62187
2 0 0.9
1.30906 -1.30906 1.62187
1.30906 -1.30906 1.62187
2 0 0.9
1.42 -1.42 0.9
1.30906 -1.30906 1.62187
1.42 -1.42 0.9
0 -1.84375 1.62188
0 -1.84375 1.62188
1.42 -1.42 0.9
0 -2 0.9
0 -1.84375 1.62188
0 -2 0.9
-1.64094 -1.16156 1.62188
-1.64094 -1.16156 1.62188
0 -2 0.9
-1.78 -1.26 0.9
-1.64094 -1.16156 1.62188
-1.78 -1.26 0.9
-3.17125 1.18 1.62188
-3.17125 1.18 1.62188
-1.78 -1.26 0.9
-3.44 1.28 0.9
-3.17125 1.18 1.62188
-3.44 1.28 0.9
-4.14844 5.62344 1.62188
-4.14844 5.62344 1.62188
-3.44 1.28 0.9
-4.5 6.1 0.9
0 -1.5 2.4
0 -1.84375 1.62187
-1.065 -1.065 2.4
-1.065 -1.065 2.4
0 -1.84375 1.62187
-1.30906 -1.30906 1.62187
-1.065 -1.065 2.4
-1.30906 -1.30906 1.62187
-1.5 0 2.4
-1.5 0 2.4
-1.30906 -1.30906 1.62187
-1.84375 0 1.62188
-1.5 0 2.4
-1.84375 0 1.62188
-0.945 1.335 2.4
-0.945 1.335 2.4
-1.84375 0 1.62188
-1.16156 1.64094 1.62188
-0.945 1.335 2.4
-1.16156 1.64094 1.62188
0.96 2.58 2.4
0.96 2.58 2.4
-1.16156 1.64094 1.62188
1.18 3.17125 1.62188
0.96 2.58 2.4
1.18 3.17125 1.62188
4.575 3.375 2.4
4.575 3.375 2.4
1.18 3.17125 1.62188
5.62344 4.14844 1.62188
4.575 3.375 2.4
5.62344 4.14844 1.62188
10.26 3.36 2.4
10.26 3.36 2.4
5.62344 4.14844 1.62188
12.6112 4.13 1.62188
0 -1.84375 1.62187
0 -2 0.9
-1.30906 -1.30906 1.62187
-1.30906 -1.30906 1.62187
0 -2 0.9
-1.42 -1.42 0.9
-1.30906 -1.30906 1.62187
-1.42 -1.42 0.9
-1.84375 0 1.62188
-1.84375 0 1.62188
-1.42 -1.42 0.9
-2 0 0.9
-1.84375 0 1.62188
-2 0 0.9
-1.16156 1.64094 1.62188
-1.16156 1.64094 1.62188
-2 0 0.9
-1.26 1.78 0.9
-1.16156 1.64094 1.62188
-1.26 1.78 0.9
1.18 3.17125 1.62188
1.18 3.17125 1.62188
-1.26 1.78 0.9
1.28 3.44 0.9
1.18 3.17125 1.62188
1.28 3.44 0.9
5.62344 4.14844 1.62188
5.62344 4.14844 1.62188
1.28 3.44 0.9
6.1 4.5 0.9
-1.5 0 2.4
-1.84375 0 1.62187
-1.065 1.065 2.4
-1.065 1.065 2.4
-1.84375 0 1.62187
-1.30906 1.30906 1.62187
-1.065 1.065 2.4
-1.30906 1.30906 1.62187
0 1.5 2.4
0 1.5 2.4
-1.30906 1.30906 1.62187
0 1.84375 1.62188
0 1.5 2.4
0 1.84375 1.62188
1.335 0.945 2.4
1.335 0.945 2.4
0 1.84375 1.62188
1.64094 1.16156 1.62188
1.335 0.945 2.4
1.64094 1.16156 1.62188
2.58 -0.96 2.4
2.58 -0.96 2.4
1.64094 1.16156 1.62188
3.17125 -1.18 1.62188
2.58 -0.96 2.4
3.17125 -1.18 1.62188
3.375 -4.575 2.4
3.375 -4.575 2.4
3.17125 -1.18 1.62188
4.14844 -5.62344 1.62188
3.375 -4.575 2.4
4.14844 -5.62344 1.62188
3.36 -10.26 2.4
3.36 -10.26 2.4
4.14844 -5.62344 1.62188
4.13 -12.6112 1.62188
-1.84375 0 1.62187
-2 0 0.9
-1.30906 1.30906 1.62187
-1.30906 1.30906 1.62187
-2 0 0.9
-1.42 1.42 0.9
-1.30906 1.30906 1.62187
-1.42 1.42 0.9
0 1.84375 1.62188
0 1.84375 1.62188
-1.42 1.42 0.9
0 2 0.9
0 1.84375 1.62188
0 2 0.9
1.64094 1.16156 1.62188
1.64094 1.16156 1.62188
0 2 0.9
1.78 1.26 0.9
1.64094 1.16156 1.62188
1.78 1.26 0.9
3.17125 -1.18 1.62188
3.17125 -1.18 1.62188
1.78 1.26 0.9
3.44 -1.28 0.9
3.17125 -1.18 1.62188
3.44 -1.28 0.9
4.14844 -5.62344 1.62188
4.14844 -5.62344 1.62188
3.44 -1.28 0.9
4.5 -6.1 0.9
0 1.5 2.4
0 1.84375 1.62187
1.065 1.065 2.4
1.065 1.065 2.4
0 1.84375 1.62187
1.30906 1.30906 1.62187
1.065 1.065 2.4
1.30906 1.30906 1.62187
1.5 0 2.4
1.5 0 2.4
1.30906 1.30906 1.62187
1.84375 0 1.62188
1.5 0 2.4
1.84375 0 1.62188
0.945 -1.335 2.4
0.945 -1.335 2.4
1.84375 0 1.62188
1.16156 -1.64094 1.62188
0.945 -1.335 2.4
1.16156 -1.64094 1.62188
-0.96 -2.58 2.4
-0.96 -2.58 2.4
1.16156 -1.64094 1.62188
-1.18 -3.17125 1.62188
-0.96 -2.58 2.4
-1.18 -3.17125 1.62188
-4.575 -3.375 2.4
-4.575 -3.375 2.4
-1.18 -3.17125 1.62188
-5.62344 -4.14844 1.62188
-4.575 -3.375 2.4
-5.62344 -4.14844 1.62188
-10.26 -3.36 2.4
-10.26 -3.36 2.4
-5.62344 -4.14844 1.62188
-12.6112 -4.13 1.62188
0 1.84375 1.62187
0 2 0.9
1.30906 1.30906 1.62187
1.30906 1.30906 1.62187
0 2 0.9
1.42 1.42 0.9
1.30906 1.30906 1.62187
1.42 1.42 0.9
1.84375 0 1.62188
1.84375 0 1.62188
1.42 1.42 0.9
2 0 0.9
1.84375 0 1.62188
2 0 0.9
1.16156 -1.64094 1.62188
1.16156 -1.64094 1.62188
2 0 0.9
1.26 -1.78 0.9
1.16156 -1.64094 1.62188
1.26 -1.78 0.9
-1.18 -3.17125 1.62188
-1.18 -3.17125 1.62188
1.26 -1.78 0.9
-1.28 -3.44 0.9
-1.18 -3.17125 1.62188
-1.28 -3.44 0.9
-5.62344 -4.14844 1.62188
-5.62344 -4.14844 1.62188
-1.28 -3.44 0.9
-6.1 -4.5 0.9
2 0 0.9
1.75 0 0.384375
1.42 -1.42 0.9
1.42 -1.42 0.9
1.75 0 0.384375
1.2425 -1.2425 0.384375
1.42 -1.42 0.9
1.2425 -1.2425 0.384375
0 -2 0.9
0 -2 0.9
1.2425 -1.2425 0.384375
0 -1.75 0.384375
0 -2 0.9
0 -1.75 0.384375
-1.78 -1.26 0.9
-1.78 -1.26 0.9
0 -1.75 0.384375
-1.5575 -1.1025 0.384375
-1.78 -1.26 0.9
-1.5575 -1.1025 0.384375
-3.44 1.28 0.9
-3.44 1.28 0.9
-1.5575 -1.1025 0.384375
-3.01 1.12 0.384375
-3.44 1.28 0.9
-3.01 1.12 0.384375
-4.5 6.1 0.9
-4.5 6.1 0.9
-3.01 1.12 0.384375
-3.9375 5.3375 0.384375
-4.5 6.1 0.9
-3.9375 5.3375 0.384375
-4.48 13.68 0.9
-4.48 13.68 0.9
-3.9375 5.3375 0.384375
-3.92 11.97 0.384376
1.75 0 0.384375
1.5 0 0.15
1.2425 -1.2425 0.384375
1.2425 -1.2425 0.384375
1.5 0 0.15
1.065 -1.065 0.15
1.2425 -1.2425 0.384375
1.065 -1.065 0.15
0 -1.75 0.384375
0 -1.75 0.384375
1.065 -1.065 0.15
0 -1.5 0.15
0 -1.75 0.384375
0 -1.5 0.15
-1.5575 -1.1025 0.384375
-1.5575 -1.1025 0.384375
0 -1.5 0.15
-1.335 -0.945 0.15
-1.5575 -1.1025 0.384375
-1.335 -0.945 0.15
-3.01 1.12 0.384375
-3.01 1.12 0.384375
-1.335 -0.945 0.15
-2.58 0.96 0.15
-3.01 1.12 0.384375
-2.58 0.96 0.15
-3.9375 5.3375 0.384375
-3.9375 5.3375 0.384375
-2.58 0.96 0.15
-3.375 4.575 0.15
0 -2 0.9
0 -1.75 0.384375
-1.42 -1.42 0.9
-1.42 -1.42 0.9
0 -1.75 0.384375
-1.2425 -1.2425 0.384375
-1.42 -1.42 0.9
-1.2425 -1.2425 0.384375
-2 0 0.9
-2 0 0.9
-1.2425 -1.2425 0.384375
-1.75 0 0.384375
-2 0 0.9
-1.75 0 0.384375
-1.26 1.78 0.9
-1.26 1.78 0.9
-1.75 0 0.384375
-1.1025 1.5575 0.384375
-1.26 1.78 0.9
-1.1025 1.5575 0.384375
1.28 3.44 0.9
1.28 3.44 0.9
-1.1025 1.5575 0.384375
1.12 3.01 0.384375
1.28 3.44 0.9
1.12 3.01 0.384375
6.1 4.5 0.9
6.1 4.5 0.9
1.12 3.01 0.384375
5.3375 3.9375 0.384375
6.1 4.5 0.9
5.3375 3.9375 0.384375
13.68 4.48 0.9
13.68 4.48 0.9
5.3375 3.9375 0.384375
11.97 3.92 0.384376
0 -1.75 0.384375
0 -1.5 0.15
-1.2425 -1.2425 0.384375
-1.2425 -1.2425 0.384375
0 -1.5 0.15
-1.065 -1.065 0.15
-1.2425 -1.2425 0.384375
-1.065 -1.065 0.15
-1.75 0 0.384375
-1.75 0 0.384375
-1.065 -1.065 0.15
-1.5 0 0.15
-1.75 0 0.384375
-1.5 0 0.15
-1.1025 1.5575 0.384375
-1.1025 1.5575 0.384375
-1.5 0 0.15
-0.945 1.335 0.15
-1.1025 1.5575 0.384375
-0.945 1.335 0.15
1.12 3.01 0.384375
1.12 3.01 0.384375
-0.945 1.335 0.15
0.96 2.58 0.15
1.12 3.01 0.384375
0.96 2.58 0.15
5.3375 3.9375 0.384375
5.3375 3.9375 0.384375
0.96 2.58 0.15
4.575 3.375 0.15
-2 0 0.9
-1.75 0 0.384375
-1.42 1.42 0.9
-1.42 1.42 0.9
-1.75 0 0.384375
-1.2425 1.2425 0.384375
-1.42 1.42 0.9
-1.2425 1.2425 0.384375
0 2 0.9
0 2 0.9
-1.2425 1.2425 0.384375
0 1.75 0.384375
0 2 0.9
0 1.75 0.384375
1.78 1.26 0.9
1.78 1.26 0.9
0 1.75 0.384375
1.5575 1.1025 0.384375
1.78 1.26 0.9
1.5575 1.1025 0.384375
3.44 -1.28 0.9
3.44 -1.28 0.9
1.5575 1.1025 0.384375
3.01 -1.12 0.384375
3.44 -1.28 0.9
3.01 -1.12 0.384375
4.5 -6.1 0.9
4.5 -6.1 0.9
3.01 -1.12 0.384375
3.9375 -5.3375 0.384375
4.5 -6.1 0.9
3.9375 -5.3375 0.384375
4.48 -13.68 0.9
4.48 -13.68 0.9
3.9375 -5.3375 0.384375
3.92 -11.97 0.384376
-1.75 0 0.384375
-1.5 0 0.15
-1.2425 1.2425 0.384375
-1.2425 1.2425 0.384375
-1.5 0 0.15
-1.065 1.065 0.15
-1.2425 1.2425 0.384375
-1.065 1.065 0.15
0 1.75 0.384375
0 1.75 0.384375
-1.065 1.065 0.15
0 1.5 0.15
0 1.75 0.384375
0 1.5 0.15
1.5575 1.1025 0.384375
1.5575 1.1025 0.384375
0 1.5 0.15
1.335 0.945 0.15
1.5575 1.1025 0.384375
1.335 0.945 0.15
3.01 -1.12 0.384375
3.01 -1.12 0.384375
1.335 0.945 0.15
2.58 -0.96 0.15
3.01 -1.12 0.384375
2.58 -0.96 0.15
3.9375 -5.3375 0.384375
3.9375 -5.3375 0.384375
2.58 -0.96 0.15
3.375 -4.575 0.15
0 2 0.9
0 1.75 0.384375
1.42 1.42 0.9
1.42 1.42 0.9
0 1.75 0.384375
1.2425 1.2425 0.384375
1.42 1.42 0.9
1.2425 1.2425 0.384375
2 0 0.9
2 0 0.9
1.2425 1.2425 0.384375
1.75 0 0.384375
2 0 0.9
1.75 0 0.384375
1.26 -1.78 0.9
1.26 -1.78 0.9
1.75 0 0.384375
1.1025 -1.5575 0.384375
1.26 -1.78 0.9
1.1025 -1.5575 0.384375
-1.28 -3.44 0.9
-1.28 -3.44 0.9
1.1025 -1.5575 0.384375
-1.12 -3.01 0.384375
-1.28 -3.44 0.9
-1.12 -3.01 0.384375
-6.1 -4.5 0.9
-6.1 -4.5 0.9
-1.12 -3.01 0.384375
-5.3375 -3.9375 0.384375
-6.1 -4.5 0.9
-5.3375 -3.9375 0.384375
-13.68 -4.48 0.9
-13.68 -4.48 0.9
-5.3375 -3.9375 0.384375
-11.97 -3.92 0.384376
0 1.75 0.384375
0 1.5 0.15
1.2425 1.2425 0.384375
1.2425 1.2425 0.384375
0 1.5 0.15
1.065 1.065 0.15
1.2425 1.2425 0.384375
1.065 1.065 0.15
1.75 0 0.384375
1.75 0 0.384375
1.065 1.065 0.15
1.5 0 0.15
1.75 0 0.384375
1.5 0 0.15
1.1025 -1.5575 0.384375
1.1025 -1.5575 0.384375
1.5 0 0.15
0.945 -1.335 0.15
1.1025 -1.5575 0.384375
0.945 -1.335 0.15
-1.12 -3.01 0.384375
-1.12 -3.01 0.384375
0.945 -1.335 0.15
-0.96 -2.58 0.15
-1.12 -3.01 0.384375
-0.96 -2.58 0.15
-5.3375 -3.9375 0.384375
-5.3375 -3.9375 0.384375
-0.96 -2.58 0.15
-4.575 -3.375 0.15
-1.6 0 2.025
-2.4125 0 1.99688
-1.55 -0.225 2.1375
-1.55 -0.225 2.1375
-2.4125 0 1.99688
-2.51875 -0.225 2.09531
-1.55 -0.225 2.1375
-2.51875 -0.225 2.09531
-1.5 0 2.25
-1.5 0 2.25
-2.51875 -0.225 2.09531
-2.625 0 2.19375
-1.5 0 2.25
-2.625 0 2.19375
-1.6 0.675 2.025
-1.6 0.675 2.025
-2.625 0 2.19375
-2.4125 0.675 1.99687
-1.6 0.675 2.025
-2.4125 0.675 1.99687
-2 1.8 1.125
-2 1.8 1.125
-2.4125 0.675 1.99687
-1.5625 1.8 1.20937
-2 1.8 1.125
-1.5625 1.8 1.20937
-2.85 3.375 -0.787499
-2.85 3.375 -0.787499
-1.5625 1.8 1.20937
0.243754 3.375 -0.464062
-2.85 3.375 -0.787499
0.243754 3.375 -0.464062
-4.30001 5.4 -4.05
-4.30001 5.4 -4.05
0.243754 3.375 -0.464062
3.32501 5.4 -3.31875
-2.4125 0 1.99688
-2.7 0 1.8
-2.51875 -0.225 2.09531
-2.51875 -0.225 2.09531
-2.7 0 1.8
-2.85 -0.225 1.8
-2.51875 -0.225 2.09531
-2.85 -0.225 1.8
-2.625 0 2.19375
-2.625 0 2.19375
-2.85 -0.225 1.8
-3 0 1.8
-2.625 0 2.19375
-3 0 1.8
-2.4125 0.675 1.99687
-2.4125 0.675 1.99687
-3 0 1.8
-2.7 0.675 1.8
-2.4125 0.675 1.99687
-2.7 0.675 1.8
-1.5625 1.8 1.20937
-1.5625 1.8 1.20937
-2.7 0.675 1.8
-1.5 1.8 1.8
-1.5625 1.8 1.20937
-1.5 1.8 1.8
0.243754 3.375 -0.464062
0.243754 3.375 -0.464062
-1.5 1.8 1.8
1.04999 3.375 1.8
-1.5 0 2.25
-2.625 0 2.19375
-1.55 0.225 2.1375
-1.55 0.225 2.1375
-2.625 0 2.19375
-2.51875 0.225 2.09531
-1.55 0.225 2.1375
-2.51875 0.225 2.09531
-1.6 0 2.025
-1.6 0 2.025
-2.51875 0.225 2.09531
-2.4125 0 1.99688
-1.6 0 2.025
-2.4125 0 1.99688
-1.5 -0.675 2.25
-1.5 -0.675 2.25
-2.4125 0 1.99688
-2.625 -0.675 2.19375
-1.5 -0.675 2.25
-2.625 -0.675 2.19375
-1.1 -1.8 3.15
-1.1 -1.8 3.15
-2.625 -0.675 2.19375
-3.475 -1.8 2.98125
-1.1 -1.8 3.15
-3.475 -1.8 2.98125
-0.249999 -3.375 5.0625
-0.249999 -3.375 5.0625
-3.475 -1.8 2.98125
-5.28125 -3.375 4.65469
-0.249999 -3.375 5.0625
-5.28125 -3.375 4.65469
1.2 -5.4 8.325
1.2 -5.4 8.325
-5.28125 -3.375 4.65469
-8.3625 -5.4 7.50937
-2.625 0 2.19375
-3 0 1.8
-2.51875 0.225 2.09531
-2.51875 0.225 2.09531
-3 0 1.8
-2.85 0.225 1.8
-2.51875 0.225 2.09531
-2.85 0.225 1.8
-2.4125 0 1.99688
-2.4125 0 1.99688
-2.85 0.225 1.8
-2.7 0 1.8
-2.4125 0 1.99688
-2.7 0 1.8
-2.625 -0.675 2.19375
-2.625 -0.675 2.19375
-2.7 0 1.8
-3 -0.675 1.8
-2.625 -0.675 2.19375
-3 -0.675 1.8
-3.475 -1.8 2.98125
-3.475 -1.8 2.98125
-3 -0.675 1.8
-4.2 -1.8 1.8
-3.475 -1.8 2.98125
-4.2 -1.8 1.8
-5.28125 -3.375 4.65469
-5.28125 -3.375 4.65469
-4.2 -1.8 1.8
-6.75 -3.375 1.8
-2.7 0 1.8
-2.5375 0 1.35
-2.85 -0.225 1.8
-2.85 -0.225 1.8
-2.5375 0 1.35
-2.63438 -0.225 1.25391
-2.85 -0.225 1.8
-2.63438 -0.225 1.25391
-3 0 1.8
-3 0 1.8
-2.63438 -0.225 1.25391
-2.73125 0 1.15781
-3 0 1.8
-2.73125 0 1.15781
-2.7 0.675 1.8
-2.7 0.675 1.8
-2.73125 0 1.15781
-2.5375 0.675 1.35
-2.7 0.675 1.8
-2.5375 0.675 1.35
-1.5 1.8 1.8
-1.5 1.8 1.8
-2.5375 0.675 1.35
-1.7625 1.8 2.11875
-1.5 1.8 1.8
-1.7625 1.8 2.11875
1.04999 3.375 1.8
1.04999 3.375 1.8
-1.7625 1.8 2.11875
-0.115621 3.375 3.75235
1.04999 3.375 1.8
-0.115621 3.375 3.75235
5.39999 5.4 1.8
5.39999 5.4 1.8
-0.115621 3.375 3.75235
2.69376 5.4 6.53907
-2.5375 0 1.35
-2 0 0.9
-2.63438 -0.225 1.25391
-2.63438 -0.225 1.25391
-2 0 0.9
-1.95 -0.225 0.75
-2.63438 -0.225 1.25391
-1.95 -0.225 0.75
-2.73125 0 1.15781
-2.73125 0 1.15781
-1.95 -0.225 0.75
-1.9 0 0.6
-2.73125 0 1.15781
-1.9 0 0.6
-2.5375 0.675 1.35
-2.5375 0.675 1.35
-1.9 0 0.6
-2 0.675 0.9
-2.5375 0.675 1.35
-2 0.675 0.9
-1.7625 1.8 2.11875
-1.7625 1.8 2.11875
-2 0.675 0.9
-2.4 1.8 2.1
-1.7625 1.8 2.11875
-2.4 1.8 2.1
-0.115621 3.375 3.75235
-0.115621 3.375 3.75235
-2.4 1.8 2.1
-3.25 3.375 4.65
-3 0 1.8
-2.73125 0 1.15781
-2.85 0.225 1.8
-2.85 0.225 1.8
-2.73125 0 1.15781
-2.63438 0.225 1.25391
-2.85 0.225 1.8
-2.63438 0.225 1.25391
-2.7 0 1.8
-2.7 0 1.8
-2.63438 0.225 1.25391
-2.5375 0 1.35
-2.7 0 1.8
-2.5375 0 1.35
-3 -0.675 1.8
-3 -0.675 1.8
-2.5375 0 1.35
-2.73125 -0.675 1.15781
-3 -0.675 1.8
-2.73125 -0.675 1.15781
-4.2 -1.8 1.8
-4.2 -1.8 1.8
-2.73125 -0.675 1.15781
-3.50625 -1.8 0.389062
-4.2 -1.8 1.8
-3.50625 -1.8 0.389062
-6.75 -3.375 1.8
-6.75 -3.375 1.8
-3.50625 -1.8 0.389062
-5.15313 -3.375 -1.24453
-6.75 -3.375 1.8
-5.15313 -3.375 -1.24453
-11.1 -5.4 1.8
-11.1 -5.4 1.8
-5.15313 -3.375 -1.24453
-7.96251 -5.4 -4.03125
-2.73125 0 1.15781
-1.9 0 0.6
-2.63438 0.225 1.25391
-2.63438 0.225 1.25391
-1.9 0 0.6
-1.95 0.225 0.75
-2.63438 0.225 1.25391
-1.95 0.225 0.75
-2.5375 0 1.35
-2.5375 0 1.35
-1.95 0.225 0.75
-2 0 0.9
-2.5375 0 1.35
-2 0 0.9
-2.73125 -0.675 1.15781
-2.73125 -0.675 1.15781
-2 0 0.9
-1.9 -0.675 0.6
-2.73125 -0.675 1.15781
-1.9 -0.675 0.6
-3.50625 -1.8 0.389062
-3.50625 -1.8 0.389062
-1.9 -0.675 0.6
-1.5 -1.8 -0.599999
-3.50625 -1.8 0.389062
-1.5 -1.8 -0.599999
-5.15313 -3.375 -1.24453
-5.15313 -3.375 -1.24453
-1.5 -1.8 -0.599999
-0.649997 -3.375 -3.15
1.7 0 1.425
2.3875 0 1.8
1.7 -0.495 1.0125
1.7 -0.495 1.0125
2.3875 0 1.8
2.5375 -0.34125 1.62187
1.7 -0.495 1.0125
2.5375 -0.34125 1.62187
1.7 0 0.6
1.7 0 0.6
2.5375 -0.34125 1.62187
2.6875 0 1.44375
1.7 0 0.6
2.6875 0 1.44375
1.7 1.485 1.425
1.7 1.485 1.425
2.6875 0 1.44375
2.3875 1.02375 1.8
1.7 1.485 1.425
2.3875 1.02375 1.8
1.7 3.96 4.725
1.7 3.96 4.725
2.3875 1.02375 1.8
1.18751 2.73 3.225
1.7 3.96 4.725
1.18751 2.73 3.225
1.7 7.425 11.7375
1.7 7.425 11.7375
1.18751 2.73 3.225
-1.36249 5.11875 6.25312
1.7 7.425 11.7375
-1.36249 5.11875 6.25312
1.7 11.88 23.7
1.7 11.88 23.7
-1.36249 5.11875 6.25312
-5.71248 8.19 11.4187
2.3875 0 1.8
2.7 0 2.4
2.5375 -0.34125 1.62187
2.5375 -0.34125 1.62187
2.7 0 2.4
3 -0.1875 2.4
2.5375 -0.34125 1.62187
3 -0.1875 2.4
2.6875 0 1.44375
2.6875 0 1.44375
3 -0.1875 2.4
3.3 0 2.4
2.6875 0 1.44375
3.3 0 2.4
2.3875 1.02375 1.8
2.3875 1.02375 1.8
3.3 0 2.4
2.7 0.5625 2.4
2.3875 1.02375 1.8
2.7 0.5625 2.4
1.18751 2.73 3.225
1.18751 2.73 3.225
2.7 0.5625 2.4
0.300004 1.5 2.4
1.18751 2.73 3.225
0.300004 1.5 2.4
-1.36249 5.11875 6.25312
-1.36249 5.11875 6.25312
0.300004 1.5 2.4
-4.79999 2.8125 2.4
1.7 0 0.6
2.6875 0 1.44375
1.7 0.495 1.0125
1.7 0.495 1.0125
2.6875 0 1.44375
2.5375 0.34125 1.62187
1.7 0.495 1.0125
2.5375 0.34125 1.62187
1.7 0 1.425
1.7 0 1.425
2.5375 0.34125 1.62187
2.3875 0 1.8
1.7 0 1.425
2.3875 0 1.8
1.7 -1.485 0.6
1.7 -1.485 0.6
2.3875 0 1.8
2.6875 -1.02375 1.44375
1.7 -1.485 0.6
2.6875 -1.02375 1.44375
1.7 -3.96 -2.7
1.7 -3.96 -2.7
2.6875 -1.02375 1.44375
3.88749 -2.73 0.0187507
1.7 -3.96 -2.7
3.88749 -2.73 0.0187507
1.7 -7.425 -9.7125
1.7 -7.425 -9.7125
3.88749 -2.73 0.0187507
6.43749 -5.11875 -3.00937
1.7 -7.425 -9.7125
6.43749 -5.11875 -3.00937
1.7 -11.88 -21.675
1.7 -11.88 -21.675
6.43749 -5.11875 -3.00937
10.7875 -8.19 -8.175
2.6875 0 1.44375
3.3 0 2.4
2.5375 0.34125 1.62187
2.5375 0.34125 1.62187
3.3 0 2.4
3 0.1875 2.4
2.5375 0.34125 1.62187
3 0.1875 2.4
2.3875 0 1.8
2.3875 0 1.8
3 0.1875 2.4
2.7 0 2.4
2.3875 0 1.8
2.7 0 2.4
2.6875 -1.02375 1.44375
2.6875 -1.02375 1.44375
2.7 0 2.4
3.3 -0.5625 2.4
2.6875 -1.02375 1.44375
3.3 -0.5625 2.4
3.88749 -2.73 0.0187507
3.88749 -2.73 0.0187507
3.3 -0.5625 2.4
5.7 -1.5 2.4
3.88749 -2.73 0.0187507
5.7 -1.5 2.4
6.43749 -5.11875 -3.00937
6.43749 -5.11875 -3.00937
5.7 -1.5 2.4
10.8 -2.8125 2.4
2.7 0 2.4
2.825 0 2.45625
3 -0.1875 2.4
3 -0.1875 2.4
2.825 0 2.45625
3.12656 -0.15 2.4668
3 -0.1875 2.4
3.12656 -0.15 2.4668
3.3 0 2.4
3.3 0 2.4
3.12656 -0.15 2.4668
3.42813 0 2.47734
3.3 0 2.4
3.42813 0 2.47734
2.7 0.5625 2.4
2.7 0.5625 2.4
3.42813 0 2.47734
2.825 0.45 2.45625
2.7 0.5625 2.4
2.825 0.45 2.45625
0.300004 1.5 2.4
0.300004 1.5 2.4
2.825 0.45 2.45625
0.412498 1.2 2.37187
0.300004 1.5 2.4
0.412498 1.2 2.37187
-4.79999 2.8125 2.4
-4.79999 2.8125 2.4
0.412498 1.2 2.37187
-4.71407 2.25 2.19257
-4.79999 2.8125 2.4
-4.71407 2.25 2.19257
-13.5 4.5 2.4
-13.5 4.5 2.4
-4.71407 2.25 2.19257
-13.4594 3.6 1.8867
2.825 0 2.45625
2.8 0 2.4
3.12656 -0.15 2.4668
3.12656 -0.15 2.4668
2.8 0 2.4
3 -0.1125 2.4
3.12656 -0.15 2.4668
3 -0.1125 2.4
3.42813 0 2.47734
3.42813 0 2.47734
3 -0.1125 2.4
3.2 0 2.4
3.42813 0 2.47734
3.2 0 2.4
2.825 0.45 2.45625
2.825 0.45 2.45625
3.2 0 2.4
2.8 0.3375 2.4
2.825 0.45 2.45625
2.8 0.3375 2.4
0.412498 1.2 2.37187
0.412498 1.2 2.37187
2.8 0.3375 2.4
1.2 0.9 2.4
0.412498 1.2 2.37187
1.2 0.9 2.4
-4.71407 2.25 2.19257
-4.71407 2.25 2.19257
1.2 0.9 2.4
-2.20001 1.6875 2.4
3.3 0 2.4
3.42813 0 2.47734
3 0.1875 2.4
3 0.1875 2.4
3.42813 0 2.47734
3.12656 0.15 2.4668
3 0.1875 2.4
3.12656 0.15 2.4668
2.7 0 2.4
2.7 0 2.4
3.12656 0.15 2.4668
2.825 0 2.45625
2.7 0 2.4
2.825 0 2.45625
3.3 -0.5625 2.4
3.3 -0.5625 2.4
2.825 0 2.45625
3.42813 -0.45 2.47735
3.3 -0.5625 2.4
3.42813 -0.45 2.47735
5.7 -1.5 2.4
5.7 -1.5 2.4
3.42813 -0.45 2.47735
5.84063 -1.2 2.56172
5.7 -1.5 2.4
5.84063 -1.2 2.56172
10.8 -2.8125 2.4
10.8 -2.8125 2.4
5.84063 -1.2 2.56172
10.9672 -2.25 2.74102
10.8 -2.8125 2.4
10.9672 -2.25 2.74102
19.5 -4.5 2.4
19.5 -4.5 2.4
10.9672 -2.25 2.74102
19.7125 -3.6 3.04689
3.42813 0 2.47734
3.2 0 2.4
3.12656 0.15 2.4668
3.12656 0.15 2.4668
3.2 0 2.4
3 0.1125 2.4
3.12656 0.15 2.4668
3 0.1125 2.4
2.825 0 2.45625
2.825 0 2.45625
3 0.1125 2.4
2.8 0 2.4
2.825 0 2.45625
2.8 0 2.4
3.42813 -0.45 2.47735
3.42813 -0.45 2.47735
2.8 0 2.4
3.2 -0.3375 2.4
3.42813 -0.45 2.47735
3.2 -0.3375 2.4
5.84063 -1.2 2.56172
5.84063 -1.2 2.56172
3.2 -0.3375 2.4
4.8 -0.9 2.4
5.84063 -1.2 2.56172
4.8 -0.9 2.4
10.9672 -2.25 2.74102
10.9672 -2.25 2.74102
4.8 -0.9 2.4
8.20001 -1.6875 2.4
0 0 3.15
0.325 0 2.98125
0 0 3.15
0 0 3.15
0.325 0 2.98125
0.231031 -0.231031 2.98125
0 0 3.15
0.231031 -0.231031 2.98125
0 0 3.15
0 0 3.15
0.231031 -0.231031 2.98125
-2.98023e-08 -0.325 2.98125
0 0 3.15
-2.98023e-08 -0.325 2.98125
0 0 3.15
0 0 3.15
-2.98023e-08 -0.325 2.98125
-0.291781 -0.205594 2.98125
0 0 3.15
-0.291781 -0.205594 2.98125
0 0 3.15
0 0 3.15
-0.291781 -0.205594 2.98125
-0.568 0.2035 2.98125
0 0 3.15
-0.568 0.2035 2.98125
0 0 3.15
0 0 3.15
-0.568 0.2035 2.98125
-0.752344 0.978594 2.98125
0 0 3.15
-0.752344 0.978594 2.98125
0 0 3.15
0 0 3.15
-0.752344 0.978594 2.98125
-0.7685 2.196 2.98126
0.325 0 2.98125
0.2 0 2.7
0.231031 -0.231031 2.98125
0.231031 -0.231031 2.98125
0.2 0 2.7
0.142 -0.142 2.7
0.231031 -0.231031 2.98125
0.142 -0.142 2.7
-2.98023e-08 -0.325 2.98125
-2.98023e-08 -0.325 2.98125
0.142 -0.142 2.7
1.49012e-08 -0.2 2.7
-2.98023e-08 -0.325 2.98125
1.49012e-08 -0.2 2.7
-0.291781 -0.205594 2.98125
-0.291781 -0.205594 2.98125
1.49012e-08 -0.2 2.7
-0.178 -0.126 2.7
-0.291781 -0.205594 2.98125
-0.178 -0.126 2.7
-0.568 0.2035 2.98125
-0.568 0.2035 2.98125
-0.178 -0.126 2.7
-0.344 0.128 2.7
-0.568 0.2035 2.98125
-0.344 0.128 2.7
-0.752344 0.978594 2.98125
-0.752344 0.978594 2.98125
-0.344 0.128 2.7
-0.45 0.61 2.7
0 0 3.15
0 -0.325 2.98125
0 0 3.15
0 0 3.15
0 -0.325 2.98125
-0.231031 -0.231031 2.98125
0 0 3.15
-0.231031 -0.231031 2.98125
0 0 3.15
0 0 3.15
-0.231031 -0.231031 2.98125
-0.325 2.98023e-08 2.98125
0 0 3.15
-0.325 2.98023e-08 2.98125
0 0 3.15
0 0 3.15
-0.325 2.98023e-08 2.98125
-0.205594 0.291781 2.98125
0 0 3.15
-0.205594 0.291781 2.98125
0 0 3.15
0 0 3.15
-0.205594 0.291781 2.98125
0.2035 0.568 2.98125
0 0 3.15
0.2035 0.568 2.98125
0 0 3.15
0 0 3.15
0.2035 0.568 2.98125
0.978594 0.752344 2.98125
0 0 3.15
0.978594 0.752344 2.98125
0 0 3.15
0 0 3.15
0.978594 0.752344 2.98125
2.196 0.7685 2.98126
0 -0.325 2.98125
0 -0.2 2.7
-0.231031 -0.231031 2.98125
-0.231031 -0.231031 2.98125
0 -0.2 2.7
-0.142 -0.142 2.7
-0.231031 -0.231031 2.98125
-0.142 -0.142 2.7
-0.325 2.98023e-08 2.98125
-0.325 2.98023e-08 2.98125
-0.142 -0.142 2.7
-0.2 -1.49012e-08 2.7
-0.325 2.98023e-08 2.98125
-0.2 -1.49012e-08 2.7
-0.205594 0.291781 2.98125
-0.205594 0.291781 2.98125
-0.2 -1.49012e-08 2.7
-0.126 0.178 2.7
-0.205594 0.291781 2.98125
-0.126 0.178 2.7
0.2035 0.568 2.98125
0.2035 0.568 2.98125
-0.126 0.178 2.7
0.128 0.344 2.7
0.2035 0.568 2.98125
0.128 0.344 2.7
0.978594 0.752344 2.98125
0.978594 0.752344 2.98125
0.128 0.344 2.7
0.61 0.45 2.7
0 0 3.15
-0.325 0 2.98125
0 0 3.15
0 0 3.15
-0.325 0 2.98125
-0.231031 0.231031 2.98125
0 0 3.15
-0.231031 0.231031 2.98125
0 0 3.15
0 0 3.15
-0.231031 0.231031 2.98125
2.98023e-08 0.325 2.98125
0 0 3.15
2.98023e-08 0.325 2.98125
0 0 3.15
0 0 3.15
2.98023e-08 0.325 2.98125
0.291781 0.205594 2.98125
0 0 3.15
0.291781 0.205594 2.98125
0 0 3.15
0 0 3.15
0.291781 0.205594 2.98125
0.568 -0.2035 2.98125
0 0 3.15
0.568 -0.2035 2.98125
0 0 3.15
0 0 3.15
0.568 -0.2035 2.98125
0.752344 -0.978594 2.98125
0 0 3.15
0.752344 -0.978594 2.98125
0 0 3.15
0 0 3.15
0.752344 -0.978594 2.98125
0.7685 -2.196 2.98126
-0.325 0 2.98125
-0.2 0 2.7
-0.231031 0.231031 2.98125
-0.231031 0.231031 2.98125
-0.2 0 2.7
-0.142 0.142 2.7
-0.231031 0.231031 2.98125
-0.142 0.142 2.7
2.98023e-08 0.325 2.98125
2.98023e-08 0.325 2.98125
-0.142 0.142 2.7
-1.49012e-08 0.2 2.7
2.98023e-08 0.325 2.98125
-1.49012e-08 0.2 2.7
0.291781 0.205594 2.98125
0.291781 0.205594 2.98125
-1.49012e-08 0.2 2.7
0.178 0.126 2.7
0.291781 0.205594 2.98125
0.178 0.126 2.7
0.568 -0.2035 2.98125
0.568 -0.2035 2.98125
0.178 0.126 2.7
0.344 -0.128 2.7
0.568 -0.2035 2.98125
0.344 -0.128 2.7
0.752344 -0.978594 2.98125
0.752344 -0.978594 2.98125
0.344 -0.128 2.7
0.45 -0.61 2.7
0 0 3.15
0 0.325 2.98125
0 0 3.15
0 0 3.15
0 0.325 2.98125
0.231031 0.231031 2.98125
0 0 3.15
0.231031 0.231031 2.98125
0 0 3.15
0 0 3.15
0.231031 0.231031 2.98125
0.325 -2.98023e-08 2.98125
0 0 3.15
0.325 -2.98023e-08 2.98125
0 0 3.15
0 0 3.15
0.325 -2.98023e-08 2.98125
0.205594 -0.291781 2.98125
0 0 3.15
0.205594 -0.291781 2.98125
0 0 3.15
0 0 3.15
0.205594 -0.291781 2.98125
-0.2035 -0.568 2.98125
0 0 3.15
-0.2035 -0.568 2.98125
0 0 3.15
0 0 3.15
-0.2035 -0.568 2.98125
-0.978594 -0.752344 2.98125
0 0 3.15
-0.978594 -0.752344 2.98125
0 0 3.15
0 0 3.15
-0.978594 -0.752344 2.98125
-2.196 -0.7685 2.98126
0 0.325 2.98125
0 0.2 2.7
0.231031 0.231031 2.98125
0.231031 0.231031 2.98125
0 0.2 2.7
0.142 0.142 2.7
0.231031 0.231031 2.98125
0.142 0.142 2.7
0.325 -2.98023e-08 2.98125
0.325 -2.98023e-08 2.98125
0.142 0.142 2.7
0.2 1.49012e-08 2.7
0.325 -2.98023e-08 2.98125
0.2 1.49012e-08 2.7
0.205594 -0.291781 2.98125
0.205594 -0.291781 2.98125
0.2 1.49012e-08 2.7
0.126 -0.178 2.7
0.205594 -0.291781 2.98125
0.126 -0.178 2.7
-0.2035 -0.568 2.98125
-0.2035 -0.568 2.98125
0.126 -0.178 2.7
-0.128 -0.344 2.7
-0.2035 -0.568 2.98125
-0.128 -0.344 2.7
-0.978594 -0.752344 2.98125
-0.978594 -0.752344 2.98125
-0.128 -0.344 2.7
-0.61 -0.45 2.7
0.2 0 2.7
0.825 0 2.55
0.142 -0.142 2.7
0.142 -0.142 2.7
0.825 0 2.55
0.58575 -0.58575 2.55
0.142 -0.142 2.7
0.58575 -0.58575 2.55
1.49012e-08 -0.2 2.7
1.49012e-08 -0.2 2.7
0.58575 -0.58575 2.55
0 -0.825 2.55
1.49012e-08 -0.2 2.7
0 -0.825 2.55
-0.178 -0.126 2.7
-0.178 -0.126 2.7
0 -0.825 2.55
-0.73425 -0.51975 2.55
-0.178 -0.126 2.7
-0.73425 -0.51975 2.55
-0.344 0.128 2.7
-0.344 0.128 2.7
-0.73425 -0.51975 2.55
-1.419 0.528 2.55
-0.344 0.128 2.7
-1.419 0.528 2.55
-0.45 0.61 2.7
-0.45 0.61 2.7
-1.419 0.528 2.55
-1.85625 2.51625 2.55
-0.45 0.61 2.7
-1.85625 2.51625 2.55
-0.448 1.368 2.70001
-0.448 1.368 2.70001
-1.85625 2.51625 2.55
-1.848 5.643 2.54999
0.825 0 2.55
1.3 0 2.4
0.58575 -0.58575 2.55
0.58575 -0.58575 2.55
1.3 0 2.4
0.923 -0.923 2.4
0.58575 -0.58575 2.55
0.923 -0.923 2.4
0 -0.825 2.55
0 -0.825 2.55
0.923 -0.923 2.4
0 -1.3 2.4
0 -0.825 2.55
0 -1.3 2.4
-0.73425 -0.51975 2.55
-0.73425 -0.51975 2.55
0 -1.3 2.4
-1.157 -0.819 2.4
-0.73425 -0.51975 2.55
-1.157 -0.819 2.4
-1.419 0.528 2.55
-1.419 0.528 2.55
-1.157 -0.819 2.4
-2.236 0.832 2.4
-1.419 0.528 2.55
-2.236 0.832 2.4
-1.85625 2.51625 2.55
-1.85625 2.51625 2.55
-2.236 0.832 2.4
-2.925 3.965 2.4
0 -0.2 2.7
0 -0.825 2.55
-0.142 -0.142 2.7
-0.142 -0.142 2.7
0 -0.825 2.55
-0.58575 -0.58575 2.55
-0.142 -0.142 2.7
-0.58575 -0.58575 2.55
-0.2 -1.49012e-08 2.7
-0.2 -1.49012e-08 2.7
-0.58575 -0.58575 2.55
-0.825 0 2.55
-0.2 -1.49012e-08 2.7
-0.825 0 2.55
-0.126 0.178 2.7
-0.126 0.178 2.7
-0.825 0 2.55
-0.51975 0.73425 2.55
-0.126 0.178 2.7
-0.51975 0.73425 2.55
0.128 0.344 2.7
0.128 0.344 2.7
-0.51975 0.73425 2.55
0.528 1.419 2.55
0.128 0.344 2.7
0.528 1.419 2.55
0.61 0.45 2.7
0.61 0.45 2.7
0.528 1.419 2.55
2.51625 1.85625 2.55
0.61 0.45 2.7
2.51625 1.85625 2.55
1.368 0.448 2.70001
1.368 0.448 2.70001
2.51625 1.85625 2.55
5.643 1.848 2.54999
0 -0.825 2.55
0 -1.3 2.4
-0.58575 -0.58575 2.55
-0.58575 -0.58575 2.55
0 -1.3 2.4
-0.923 -0.923 2.4
-0.58575 -0.58575 2.55
-0.923 -0.923 2.4
-0.825 0 2.55
-0.825 0 2.55
-0.923 -0.923 2.4
-1.3 0 2.4
-0.825 0 2.55
-1.3 0 2.4
-0.51975 0.73425 2.55
-0.51975 0.73425 2.55
-1.3 0 2.4
-0.819 1.157 2.4
-0.51975 0.73425 2.55
-0.819 1.157 2.4
0.528 1.419 2.55
0.528 1.419 2.55
-0.819 1.157 2.4
0.832 2.236 2.4
0.528 1.419 2.55
0.832 2.236 2.4
2.51625 1.85625 2.55
2.51625 1.85625 2.55
0.832 2.236 2.4
3.965 2.925 2.4
-0.2 0 2.7
-0.825 0 2.55
-0.142 0.142 2.7
-0.142 0.142 2.7
-0.825 0 2.55
-0.58575 0.58575 2.55
-0.142 0.142 2.7
-0.58575 0.58575 2.55
-1.49012e-08 0.2 2.7
-1.49012e-08 0.2 2.7
-0.58575 0.58575 2.55
0 0.825 2.55
-1.49012e-08 0.2 2.7
0 0.825 2.55
0.178 0.126 2.7
0.178 0.126 2.7
0 0.825 2.55
0.73425 0.51975 2.55
0.178 0.126 2.7
0.73425 0.51975 2.55
0.344 -0.128 2.7
0.344 -0.128 2.7
0.73425 0.51975 2.55
1.419 -0.528 2.55
0.344 -0.128 2.7
1.419 -0.528 2.55
0.45 -0.61 2.7
0.45 -0.61 2.7
1.419 -0.528 2.55
1.85625 -2.51625 2.55
0.45 -0.61 2.7
1.85625 -2.51625 2.55
0.448 -1.368 2.70001
0.448 -1.368 2.70001
1.85625 -2.51625 2.55
1.848 -5.643 2.54999
-0.825 0 2.55
-1.3 0 2.4
-0.58575 0.58575 2.55
-0.58575 0.58575 2.55
-1.3 0 2.4
-0.923 0.923 2.4
-0.58575 0.58575 2.55
-0.923 0.923 2.4
0 0.825 2.55
0 0.825 2.55
-0.923 0.923 2.4
0 1.3 2.4
0 0.825 2.55
0 1.3 2.4
0.73425 0.51975 2.55
0.73425 0.51975 2.55
0 1.3 2.4
1.157 0.819 2.4
0.73425 0.51975 2.55
1.157 0.819 2.4
1.419 -0.528 2.55
1.419 -0.528 2.55
1.157 0.819 2.4
2.236 -0.832 2.4
1.419 -0.528 2.55
2.236 -0.832 2.4
1.85625 -2.51625 2.55
1.85625 -2.51625 2.55
2.236 -0.832 2.4
2.925 -3.965 2.4
0 0.2 2.7
0 0.825 2.55
0.142 0.142 2.7
0.142 0.142 2.7
0 0.825 2.55
0.58575 0.58575 2.55
0.142 0.142 2.7
0.58575 0.58575 2.55
0.2 1.49012e-08 2.7
0.2 1.49012e-08 2.7
0.58575 0.58575 2.55
0.825 0 2.55
0.2 1.49012e-08 2.7
0.825 0 2.55
0.126 -0.178 2.7
0.126 -0.178 2.7
0.825 0 2.55
0.51975 -0.73425 2.55
0.126 -0.178 2.7
0.51975 -0.73425 2.55
-0.128 -0.344 2.7
-0.128 -0.344 2.7
0.51975 -0.73425 2.55
-0.528 -1.419 2.55
-0.128 -0.344 2.7
-0.528 -1.419 2.55
-0.61 -0.45 2.7
-0.61 -0.45 2.7
-0.528 -1.419 2.55
-2.51625 -1.85625 2.55
-0.61 -0.45 2.7
-2.51625 -1.85625 2.55
-1.368 -0.448 2.70001
-1.368 -0.448 2.70001
-2.51625 -1.85625 2.55
-5.643 -1.848 2.54999
0 0.825 2.55
0 1.3 2.4
0.58575 0.58575 2.55
0.58575 0.58575 2.55
0 1.3 2.4
0.923 0.923 2.4
0.58575 0.58575 2.55
0.923 0.923 2.4
0.825 0 2.55
0.825 0 2.55
0.923 0.923 2.4
1.3 0 2.4
0.825 0 2.55
1.3 0 2.4
0.51975 -0.73425 2.55
0.51975 -0.73425 2.55
1.3 0 2.4
0.819 -1.157 2.4
0.51975 -0.73425 2.55
0.819 -1.157 2.4
-0.528 -1.419 2.55
-0.528 -1.419 2.55
0.819 -1.157 2.4
-0.832 -2.236 2.4
-0.528 -1.419 2.55
-0.832 -2.236 2.4
-2.51625 -1.85625 2.55
-2.51625 -1.85625 2.55
-0.832 -2.236 2.4
-3.965 -2.925 2.4
0 0 0
1.28437 0 0.046875
0 0 0
0 0 0
1.28437 0 0.046875
0.911906 0.911906 0.046875
0 0 0
0.911906 0.911906 0.046875
0 0 0
0 0 0
0.911906 0.911906 0.046875
0 1.28437 0.046875
0 0 0
0 1.28437 0.046875
0 0 0
0 0 0
0 1.28437 0.046875
-1.14309 0.809156 0.046875
0 0 0
-1.14309 0.809156 0.046875
0 0 0
0 0 0
-1.14309 0.809156 0.046875
-2.20913 -0.822 0.046875
0 0 0
-2.20913 -0.822 0.046875
0 0 0
0 0 0
-2.20913 -0.822 0.046875
-2.88985 -3.91734 0.046875
0 0 0
-2.88985 -3.91734 0.046875
0 0 0
0 0 0
-2.88985 -3.91734 0.046875
-2.877 -8.78512 0.046875
1.28437 0 0.046875
1.5 0 0.15
0.911906 0.911906 0.046875
0.911906 0.911906 0.046875
1.5 0 0.15
1.065 1.065 0.15
0.911906 0.911906 0.046875
1.065 1.065 0.15
0 1.28437 0.046875
0 1.28437 0.046875
1.065 1.065 0.15
0 1.5 0.15
0 1.28437 0.046875
0 1.5 0.15
-1.14309 0.809156 0.046875
-1.14309 0.809156 0.046875
0 1.5 0.15
-1.335 0.945 0.15
-1.14309 0.809156 0.046875
-1.335 0.945 0.15
-2.20913 -0.822 0.046875
-2.20913 -0.822 0.046875
-1.335 0.945 0.15
-2.58 -0.96 0.15
-2.20913 -0.822 0.046875
-2.58 -0.96 0.15
-2.88985 -3.91734 0.046875
-2.88985 -3.91734 0.046875
-2.58 -0.96 0.15
-3.375 -4.575 0.15
0 0 0
0 1.28437 0.046875
0 0 0
0 0 0
0 1.28437 0.046875
-0.911906 0.911906 0.046875
0 0 0
-0.911906 0.911906 0.046875
0 0 0
0 0 0
-0.911906 0.911906 0.046875
-1.28437 0 0.046875
0 0 0
-1.28437 0 0.046875
0 0 0
0 0 0
-1.28437 0 0.046875
-0.809156 -1.14309 0.046875
0 0 0
-0.809156 -1.14309 0.046875
0 0 0
0 0 0
-0.809156 -1.14309 0.046875
0.822 -2.20913 0.046875
0 0 0
0.822 -2.20913 0.046875
0 0 0
0 0 0
0.822 -2.20913 0.046875
3.91734 -2.88985 0.046875
0 0 0
3.91734 -2.88985 0.046875
0 0 0
0 0 0
3.91734 -2.88985 0.046875
8.78512 -2.877 0.046875
0 1.28437 0.046875
0 1.5 0.15
-0.911906 0.911906 0.046875
-0.911906 0.911906 0.046875
0 1.5 0.15
-1.065 1.065 0.15
-0.911906 0.911906 0.046875
-1.065 1.065 0.15
-1.28437 0 0.046875
-1.28437 0 0.046875
-1.065 1.065 0.15
-1.5 0 0.15
-1.28437 0 0.046875
-1.5 0 0.15
-0.809156 -1.14309 0.046875
-0.809156 -1.14309 0.046875
-1.5 0 0.15
-0.945 -1.335 0.15
-0.809156 -1.14309 0.046875
-0.945 -1.335 0.15
0.822 -2.20913 0.046875
0.822 -2.20913 0.046875
-0.945 -1.335 0.15
0.96 -2.58 0.15
0.822 -2.20913 0.046875
0.96 -2.58 0.15
3.91734 -2.88985 0.046875
3.91734 -2.88985 0.046875
0.96 -2.58 0.15
4.575 -3.375 0.15
0 0 0
-1.28437 0 0.046875
0 0 0
0 0 0
-1.28437 0 0.046875
-0.911906 -0.911906 0.046875
0 0 0
-0.911906 -0.911906 0.046875
0 0 0
0 0 0
-0.911906 -0.911906 0.046875
0 -1.28437 0.046875
0 0 0
0 -1.28437 0.046875
0 0 0
0 0 0
0 -1.28437 0.046875
1.14309 -0.809156 0.046875
0 0 0
1.14309 -0.809156 0.046875
0 0 0
0 0 0
1.14309 -0.809156 0.046875
2.20913 0.822 0.046875
0 0 0
2.20913 0.822 0.046875
0 0 0
0 0 0
2.20913 0.822 0.046875
2.88985 3.91734 0.046875
0 0 0
2.88985 3.91734 0.046875
0 0 0
0 0 0
2.88985 3.91734 0.046875
2.877 8.78512 0.046875
-1.28437 0 0.046875
-1.5 0 0.15
-0.911906 -0.911906 0.046875
-0.911906 -0.911906 0.046875
-1.5 0 0.15
-1.065 -1.065 0.15
-0.911906 -0.911906 0.046875
-1.065 -1.065 0.15
0 -1.28437 0.046875
0 -1.28437 0.046875
-1.065 -1.065 0.15
0 -1.5 0.15
0 -1.28437 0.046875
0 -1.5 0.15
1.14309 -0.809156 0.046875
1.14309 -0.809156 0.046875
0 -1.5 0.15
1.335 -0.945 0.15
1.14309 -0.809156 0.046875
1.335 -0.945 0.15
2.20913 0.822 0.046875
2.20913 0.822 0.046875
1.335 -0.945 0.15
2.58 0.96 0.15
2.20913 0.822 0.046875
2.58 0.96 0.15
2.88985 3.91734 0.046875
2.88985 3.91734 0.046875
2.58 0.96 0.15
3.375 4.575 0.15
0 0 0
0 -1.28437 0.046875
0 0 0
0 0 0
0 -1.28437 0.046875
0.911906 -0.911906 0.046875
0 0 0
0.911906 -0.911906 0.046875
0 0 0
0 0 0
0.911906 -0.911906 0.046875
1.28437 0 0.046875
0 0 0
1.28437 0 0.046875
0 0 0
0 0 0
1.28437 0 0.046875
0.809156 1.14309 0.046875
0 0 0
0.809156 1.14309 0.046875
0 0 0
0 0 0
0.809156 1.14309 0.046875
-0.822 2.20913 0.046875
0 0 0
-0.822 2.20913 0.046875
0 0 0
0 0 0
-0.822 2.20913 0.046875
-3.91734 2.88985 0.046875
0 0 0
-3.91734 2.88985 0.046875
0 0 0
0 0 0
-3.91734 2.88985 0.046875
-8.78512 2.877 0.046875
0 -1.28437 0.046875
0 -1.5 0.15
0.911906 -0.911906 0.046875
0.911906 -0.911906 0.046875
0 -1.5 0.15
1.065 -1.065 0.15
0.911906 -0.911906 0.046875
1.065 -1.065 0.15
1.28437 0 0.046875
1.28437 0 0.046875
1.065 -1.065 0.15
1.5 0 0.15
1.28437 0 0.046875
1.5 0 0.15
0.809156 1.14309 0.046875
0.809156 1.14309 0.046875
1.5 0 0.15
0.945 1.335 0.15
0.809156 1.14309 0.046875
0.945 1.335 0.15
-0.822 2.20913 0.046875
-0.822 2.20913 0.046875
0.945 1.335 0.15
-0.96 2.58 0.15
-0.822 2.20913 0.046875
-0.96 2.58 0.15
-3.91734 2.88985 0.046875
-3.91734 2.88985 0.046875
-0.96 2.58 0.15
-4.575 3.375 0.15
